0.3990512278156289
-0.4474109012328402
0.7660447842523186
0.5943975394636382
-0.5853810074777352
-1.3020867052254539
1.0002145678611385
1.146722854369966
-1.6459743278793184
0.8216633333967146
-0.7110661039999414
-0.7277784651189344
0.7923970470379572
0.8607499163462118
-0.3489216053345138
-1.1834608874377626
0.2641230801763585
0.6911724437315533
0.7166135502126555
-2.838425986623764
-0.11661675311914159
0.08316303104014182
-2.783775323442111
-0.7310226938947869
-0.44894903891260285
0.9666001481672598
1.167558759477754
-0.15729538293761053
-0.6635760175343333
-0.6582283325746519
0.10391306732367502
-0.040623845354855546
1.4553936705437842
1.5319022141057443
0.5911993170354819
0.22769231364936904
0.7565855363467684
-0.9827626084002667
-0.8975036417530409
0.31334914211917186
-0.5972386673603642
-0.5965854978736361
1.0510001051209392
-0.48136840473155373
-1.1895606303851403
-0.7940494175766034
0.11410364344473975
-0.4184521538788994
-0.31717196637616324
-1.1498869535620173
0.4776777141436466
-0.3578602193540368
0.2982551821940867
0.20160073923078373
1.0005552505916024
-0.145435607527655
0.2583606834812131
1.1477174469416156
-0.6567619489770185
0.1625270906202573
1.5009866279897561
-0.16771518251131998
-1.6127897405410314
0.9054190754164342
-1.306573845854919
-1.2462878215747906
-1.6602294610478807
0.7559423029300115
0.3559193241456876
0.8795507097339805
0.18912782760678318
-0.898806001916075
-0.5743758159157738
1.6048414667039954
-0.4505168381014578
0.6344626196130446
1.5282761688052586
-1.0844290009992057
0.14320592452445854
0.03806005830528952
-0.7112929926915301
0.045744541073653326
0.5538081764948947
-2.1229798691711594
-0.20998364273459189
0.08630498755228506
0.4754490736304349
-1.7608140588532373
1.8361612389955309
2.1302056800788773
0.30559463297739
-0.28371210284577375
-0.15917372590205725
-0.2521047249197443
-0.17181773272636122
-0.32642006177760313
0.5789092624355168
-1.2399826759245343
-0.2873731958864884
0.9961421072600938
